lumi = 35840.00
#lumi = 34988.00
#lumi = 36300
lumierr = 0.025

leptonerr = 0.03

#tt_xsec = 815.96
tt_xsec = 831.76
tt_xsec_mtup = 809.31 #809.242
tt_xsec_mtdown = 854.94 #855.011 
tt_xsec_mtup3 = 777.1003927166441
tt_xsec_mtdown3 = 916.5614758459487 
WJets_xsec = 61527
WJets_xsecerr = 0.5
DYJets_xsec = 5765.4
DYJets_xsecerr = 0.5
#Wt_xsec = 35.6
Wt_xsec = 19.3
Wt_xsecerr = 0.5
#Wtbar_xsec = 35.6
Wtbar_xsec = 19.3
Wtbar_xsecerr = 0.5
#STt_xsec = 217
#STt_xsec = 72.3
#STt_xsecerr = 0.5
STt_top_xsec = 136.02
STt_top_xsecerr = 0.5
STt_topbar_xsec = 80.95
STt_topbar_xsecerr = 0.5
#STs_xsec = 10.32
STs_xsec = 3.44
STs_xsecerr = 0.5

#QCDMu15_xsec = 302672
QCDMu30_xsec = 2960198.4
QCDMu50_xsec = 1652471.46
QCDMu80_xsec = 437504.1
QCDMu120_xsec = 106033.6648
QCDMu170_xsec = 24720.71814
QCDMu300_xsec = 8654.49315
QCDMu470_xsec = 797.35269
QCDMu600_xsec = 79.02553776
QCDMu800_xsec = 25.09505908
QCDMu1000_xsec = 4.707368272
QCDMuInf_xsec = 1.62131692
QCDEM50_xsec = 9928000
QCDEM80_xsec = 2890800
QCDEM120_xsec = 350000
QCDEM170_xsec = 62964
QCDEM300_xsec = 18810
QCDEMInf_xsec = 135
QCD_xsecerr = 0.5

tt_PowhegP8_W =  155235652.0
tt_aMCatNLO_W =  15065716.0
tt_fsrdown_PowhegP8_W =  59306906.0
tt_fsrup_PowhegP8_W =  59051331.0
tt_isrdown_PowhegP8_W =  58999580.0
tt_isrup_PowhegP8_W =  58735036.0
tt_mtop1715_PowhegP8_W =  19578812.0
tt_mtop1735_PowhegP8_W =  19419050.0
tt_tunedown_PowhegP8_W =  58338240.0
tt_tuneup_PowhegP8_W =  58953660.0
tt_hddown_PowhegP8_W =  58163976.0
tt_hdup_PowhegP8_W =  58858606.0
tt_PowhegHpp_W =  59174465.0
tt_erdon_PowhegP8_W = 59882210.0
tt_PowhegP6_W =  10.0
tt_MCatNLOP8_W =  10.0
tt_MCatNLOHpp_W =  10.0
tt_Madgraph_W =  10.0
tt_mtop1695_PowhegP8_W =  58393502.0
tt_mtop1755_PowhegP8_W =  58485928.0

QCDMu50_W =  29597031.0
QCDMu80_W =  19806915.0
QCDMu120_W =  23222385.0
QCDMu170_W =  19980861.0
QCDMu300_W =  36958008.0
QCDMu470_W =  48995686.0
QCDMu600_W =  19362943.0
QCDMu800_W =  19738164.0
QCDMu1000_W =  19767439.0
QCDMuInf_W =  13241612.0
QCDEM50_W =  11498579.0
QCDEM80_W =  23474171.0
QCDEM120_W =  77695287.0
QCDEM170_W =  77771316.0
QCDEM300_W =  11540163.0
QCDEMInf_W =  7373633.0

DYJets_W =  140404706.0
WJets_W =  86731806.0
STs_W =  622990.0
STt_topbar_W =  38811017.0
STt_top_W =  67240808.0
Wtbar_W =  5425134.0
Wt_W =  5372991.0



STt_topbar_psdown_W =  3695775.0
STt_topbar_psup_W =  3970546.0
STt_top_psdown_W =  5946672.0
STt_top_psup_W =  5709148.0
Wtbar_fsrdown_W =  2835970.0
Wtbar_isrdown_W =  3101414.0
Wt_fsrdown_W =  2775392.0
Wt_isrdown_W =  3201658.0


